1
862
8
27
35
3
92
39
96
77
54
47
54
65
47
36
73
38
86
75
47
19
55
70
61
15
17
55
2
5
94
5
18
53
83
52
56
74
43
3
50
96
50
55
12
48
43
84
38
28
11
84
46
65
53
6
79
70
13
32
26
58
88
44
11
71
95
18
44
37
72
46
84
73
100
96
73
42
79
10
69
41
93
66
5
97
24
35
18
36
19
44
45
6
39
55
76
33
24
72
22
48
17
5
20
16
100
92
58
31
53
78
71
97
44
76
46
67
62
63
54
80
58
98
86
96
5
61
81
80
32
2
27
100
58
99
16
58
42
25
40
95
54
10
91
97
37
36
15
99
51
20
30
60
70
15
8
26
28
88
5
11
41
84
11
98
34
78
7
75
2
46
69
7
56
12
56
44
99
70
94
1
42
24
61
11
90
68
88
17
7
44
80
47
27
90
96
12
19
3
87
20
48
7
78
55
18
33
99
17
55
44
17
96
19
29
58
9
48
45
77
54
40
8
52
19
49
48
30
67
50
16
38
97
23
16
52
40
48
2
8
2
97
77
49
16
5
6
76
53
2
4
58
42
64
10
60
12
57
89
79
6
57
16
54
79
31
5
70
31
58
30
84
55
6
33
22
62
90
49
66
44
4
24
85
67
33
96
79
89
36
9
46
92
24
99
70
7
56
92
89
13
21
72
19
26
56
92
87
46
92
5
89
48
28
25
14
60
20
44
100
7
4
97
99
80
47
20
38
2
11
26
67
31
49
37
8
5
81
47
2
72
51
42
19
78
18
85
89
89
80
40
95
84
36
93
63
82
65
100
36
75
77
2
58
25
38
65
81
18
11
34
42
61
75
12
90
92
96
78
80
28
69
27
11
56
71
25
38
35
24
25
10
52
26
67
76
15
83
9
85
94
42
78
6
69
89
96
60
37
25
92
64
46
70
26
1
40
50
90
75
25
14
84
76
91
2
3
6
84
11
42
29
5
19
35
73
59
82
84
95
58
27
10
3
96
35
4
36
84
93
10
60
59
45
87
49
98
90
54
81
52
47
62
56
65
48
80
76
81
64
70
38
90
80
93
86
66
96
73
2
40
82
61
98
78
48
47
75
89
52
7
40
99
68
48
15
67
27
90
47
42
12
85
32
43
77
69
8
24
41
9
15
74
22
65
3
69
63
77
9
14
35
100
64
3
47
31
21
26
72
68
19
83
52
50
77
80
70
85
55
62
45
21
87
66
85
89
34
47
17
94
13
52
94
28
6
92
10
26
17
82
93
36
16
96
37
93
75
59
29
81
20
73
2
59
39
86
47
24
85
64
18
49
15
11
76
72
54
86
97
71
19
90
58
86
85
46
78
12
4
58
44
76
31
45
86
69
83
32
44
19
47
61
67
13
23
94
84
77
79
81
99
49
22
8
35
58
53
64
69
9
22
65
36
52
61
21
72
95
4
15
13
51
28
31
15
2
25
99
78
55
31
28
4
52
35
90
9
40
53
30
48
26
94
35
77
6
7
100
1
10
67
13
12
94
96
27
95
20
77
25
26
7
52
81
58
39
70
18
78
75
47
77
100
92
63
77
98
69
28
98
30
94
62
94
39
57
72
86
28
48
62
54
6
13
34
15
3
56
32
80
30
79
8
29
22
70
57
19
38
85
16
20
30
30
13
69
86
84
6
66
83
67
19
88
31
4
2
34
59
33
65
88
63
73
17
85
42
73
55
32
9
71
51
39
52
63
59
89
98
16
54
80
34
24
67
64
80
68
49
38
52
66
78
67
38
46
51
31
18
5
14
79
27
64
69
78
78
79
19
75
94
72
6
27
48
72
42
27
91
43
16
95
8
93
61
45
38
63
27
8
19
41
86
46
56
6
75
86
84
93
12
29
17
18
55
16
41
48
42
84
90
57
78
97
2
90
93
39
4
20
46
22
12
83
67
67
88
94
52
23
38
64
556
